-9.1804326
8.4930986
0.2912391
5.507142
-12.857276
-1.0002794
-3.3253411
-2.3756302
-2.0953508
-35.634331
-1.0312183
21.858097
-1.864458
-0.45921226
4.2039009
2.1782173
1.3904316
-1.4751272
-0.64230653
-15.749037
6.9690909
-0.37853307
-3.2008907
11.530116
16.392787
-3.4994614
-8.3180621
1.8070399
-1.217145
5.3760471
-1.2181001
-2.2943043
6.047424
-3.4843213
-3.3254528
1.7058234
-4.2898598
-0.97119813
-0.89152911
0.87523249
2.6678643
-0.9685144
0.85922039
-4.8868072
-8.4957911
-1.3175467
0.90240922
-5.2928821
-7.0655189
3.350893
-0.3675308
-3.4753196
9.7057388
0.95848603
6.0249773
1.5315474
0.93955123
-1.3699047
-0.54925845
-6.0097848
3.5269422
-6.230273
2.9416996
-0.63566754
1.8684662
-3.5233983
10.970943
-1.8503049
-4.0362301
-4.9259542
-1.8478642
-7.635639
1.4268192
6.671053
-3.5063583
-7.1320213
-1.5023537
0.03123193
25.971023
-2.680234
-0.94612963
-1.0733796
6.8684718
-1.6349506
2.5024309
3.252035
-0.32536106
9.8754361
-2.180678
5.3181321
3.709903
-2.3930723
1.5087663
2.8496591
-2.4534405
-1.1577685
-2.6796967
1.9077297
-0.45861755
3.3617166
-1.638784
-1.5467394
-7.2387671
-1.0656668
6.9294859
6.3412737
1.3243712
4.6024008
-6.7007486
-1.8714615
-1.0981805
1.3378599
3.7461425
-2.9879187
-4.1161895
-3.6540744
-3.7121797
-1.1948642
1.42194
-12.857276
-0.74088489
3.0683138
-0.37164836
1.0479384
2.4252549
-0.56099705
-4.1154007
1.0688734
-0.97369339
12.561352
6.5973726
-0.38622121
-1.9313967
2.7220164
-0.60345835
3.2118199
4.2444483
3.6949815
0.37655888
-10.709746
-1.066
-2.3537954
-1.2068616
-2.5099048
0.5726894
0.27583611
0.15738528
-6.533802
-3.2041163
2.4505431
2.6807
-9.0780219
5.3402945
-6.7429585
-0.29086461
2.5713244
1.9794626
4.5700151
-5.6482715
-2.877185
0.99940758
-7.2185867
-3.3769639
-2.499985
0.81658644
-2.2021735
-0.60233411
-1.4194019
-2.5742519
-0.34321554
5.4031991
-3.3362198
-7.5445701
-1.8314576
-2.2890979
3.6252515
-4.4729088
0.54975456
8.2465217
2.3014182
-1.8065659
-1.465887
1.5123339
2.7061194
-1.0959733
2.8811035
12.303916
-4.3606558
2.7951705
33.47724
-3.8982939
1.8394586
-0.93190352
2.5824374
3.7640676
-2.0183359
2.8099687
-2.3530541
1.6556092
-12.857276
9.6616848
-5.9460296
-4.4090827
-1.3186101
-4.4671697
3.0743565
2.6479382
-0.10654546
-1.4042428
1.7030967
-0.17494318
1.3556828
1.102707
4.529617
-6.0186532
1.0102336
-1.0508897
2.3038234
-3.51383
1.6610507
3.5790702
2.8526532
5.1922036
1.1265852
-3.0895739
3.5468421
-4.1732072
0.28386534
13.857179
0.5854562
2.3830017
-11.490796
-6.4685813
-2.9039895
-0.88215925
1.8390814
-1.0091065
2.4631361
-9.4841156
-12.151777
-1.8825602
-16.524414
3.6209822
-0.062289851
2.3593059
3.7515805
-2.7761353
2.4862197
0.3189354
-3.6884066
-0.86110013
-2.8415522
4.4169702
4.3905722
0.43737138
-0.062329057
-6.9808744
2.2846388
2.5190231
-11.491406
5.5571973
-2.5845573
-4.4690964
9.9559689
1.1391681
-3.1594821
-2.4394744
1.6493193
4.3268102
-12.857276
2.0915228
-3.8417387
1.4710217
7.5718917
-0.92356468
-0.33827838
5.4800863
-2.9096475
1.7482667
-0.89404552
4.1017052
-3.9505274
5.0909159
-1.066
4.1807778
-1.8613542
-5.4871714
2.0015261
-0.92574624
3.1367162
0.54236756
2.6390711
1.3635176
-10.092569
-0.79692326
-2.7080841
2.8689786
-0.31263637
-6.1665343
32.998666
1.8995657
-5.1696559
-3.1300291
1.4306746
0.94461811
-10.307284
22.381577
-2.5696879
-1.8911436
-3.6233198
3.9762048
3.7887433
-10.74133
-1.7968062
-10.168231
12.323108
-2.6165551
-2.6262155
-2.7949144
-0.84893253
-3.7721279
-1.895227
6.1003581
2.4993735
-1.0002794
4.3873413
-3.132498
-1.0002794
-8.54121
6.8358061
-0.42293862
1.4396708
-12.857276
1.6112458
-5.0042687
5.6018668
0.54112207
-0.24809932
-1.6656961
2.9938702
-2.1968471
9.8821532
2.5544149
3.0531148
1.1792966
-0.0088514944
22.400095
-1.0653335
6.83833
1.1873773
3.3256327
-0.10055839
2.682323
2.2531581
2.0998015
-1.0418579
1.6598616
1.5663443
-0.16428682
-1.3098961
6.9892083
4.3234531
-6.5129775
-1.8511757
-1.0144496
4.9492445
-4.6308494
-3.4242988
4.3820959
2.6833367
1.4750918
1.9373567
-0.20113538
0.66435914
-0.57140587
-8.74895
2.3109824
2.5100457
-1.2210036
-1.3547438
-2.3846413
4.1905479
10.299243
-0.53322401
-0.95651397
-12.857276
1.6836311
4.291028
-3.6971094
2.3590384
1.3470326
-3.1040547
3.7651657
9.6755793
4.0525495
-6.5246138
-3.6629121
-1.0348184
-0.95051917
-1.1378834
4.5787517
3.4091546
-2.132992
-2.7023451
-1.3011633
-12.791422
-0.66262334
0.53308234
1.8036403
-1.178107
1.0734323
-3.1014342
6.9892083
1.8866386
0.13965064
-2.0976123
-5.4619064
5.0445587
8.1820299
0.47355129
-2.252552
-1.6090954
-0.058766478
0.13003172
5.0205098
1.8786613
4.9648121
-2.230541
-0.77050722
1.2626376
2.6683802
-1.0002794
-4.9548998
2.5620049
3.2264742
-0.32142185
1.3553898
8.0431604
-2.7576132
-1.928676
3.4916158
-1.0325732
-6.2876959
-0.56005655
10.471806
2.859219
-1.3633372
-4.7767141
-1.4483479
3.3211867
1.4953203
-5.4169972
0.64511998
2.2399277
1.2264903
-2.2548841
4.6972882
-3.1282867
-5.2196836
-2.3083937
-0.25027611
-1.4662068
1.6460895
-4.9881591
-9.7992305
5.0757467
-9.9153545
4.3382872
-1.1893575
-4.6380717
5.8052105
4.9237643
-6.3783313
-3.9114687
3.2180461
-5.0858481
-0.093188412
5.3415222
-2.5846014
6.1644787
-0.33427026
3.3326383
-15.805597
-6.5318366
3.4298181
6.1105269
-0.29654237
100.71434
1.839301
1.5317371
-2.2352345
16.448985
1.6125761
-15.04231
1.541494
2.8007244
-6.9522058
4.5053739
1.0528958
-1.6485028
-2.6759153
11.060858
4.3861642
-2.7549731
4.5883472
-12.857276
-7.2771232
-17.43207
-10.181724
-1.0656668
2.0623847
1.6647189
-12.856943
-2.9876338
1.3652334
3.6146836
4.1223045
1.6730995
-1.705363
4.0222375
0.62056555
-0.97636191
-3.986216
7.4214402
-8.4463943
-1.0891312
-0.66558126
-1.0508897
4.8114552
1.4171934
1.2743382
-0.26735963
-2.1251084
6.4714175
2.7556383
3.6239223
5.4800863
5.1512781
10.459676
7.0537062
-0.99304234
-3.2061331
-1.9642835
-3.1404579
7.0641901
11.529008
15.470383
-0.6019935
-1.143153
2.2595696
0.31789693
-1.1808257
4.8104932
-4.7939783
-4.4040557
-1.0994036
-1.2558933
-1.3008451
2.7549734
3.4131297
-2.6901584
-4.9925367
1.4347249
5.9490339
1.2519541
0.90298495
-4.0171414
2.6425991
10.258782
-2.8109767
-2.3284725
-8.6240819
4.1937084
1.4740311
1.1604105
2.3005285
-0.98293249
-6.5330964
1.1542599
-2.9278383
-6.1412539
-1.990615
-19.804141
2.2568951
2.8981671
-1.0656668
1.6699327
11.359499
-1.2410254
-0.58797698
1.0500671
-1.7374443
-4.002268
-4.2886767
4.1066945
-11.798773
-4.123441
4.5487655
-2.4701672
3.4578195
-7.275073
0.69811876
7.0451968
-0.48990804
-1.1043478
-0.70683342
-0.55458524
-1.8490431
-3.8956916
-8.5570775
-1.7554165
-18.815676
3.2448052
-4.5489263
-1.6376681
20.309648
4.2069378
4.5629149
8.4268922
0.59382525
-2.1183755
1.3085968
-35.656966
2.6818982
0.95613161
13.148297
5.8466459
1.0628358
-3.7567176
2.352206
3.6405308
2.2087644
-1.8833298
2.2522237
5.6042892
-3.6688731
-1.066
-1.0273448
-2.7144978
4.5466275
2.512472
0.80310963
-0.17037677
-0.47979356
-10.939552
-1.0418579
-1.066
5.053135
-7.3439259
0.99570281
-1.1004839
2.3457942
-12.560544
-2.2618221
1.5757855
0.99986577
-5.1154346
-1.7043377
4.8857563
0.47202596
-1.5002262
-1.0656668
-3.2414543
-2.1860074
0.54975456
-0.99874797
3.0877223
-1.345774
-1.1625011
-0.62580944
2.8326572
-1.0650002
-5.0501001
-4.5071525
0.14606487
2.8814832
-0.53802625
1.0927361
-0.57926174
-3.3002295
-3.7508614
4.0219791
2.4723167
-5.3326482
-11.417787
-1.0002794
2.1309718
-1.6982358
2.9928186
0.61974924
-0.32919143
2.5133132
-0.48778042
-1.4106636
1.2226757
-2.1822441
-1.3193605
9.8821532
-1.0378442
-3.1132643
-16.922678
-1.6218558
-2.0665392
1.0987127
-1.0002794
-6.8235111
-3.3181216
10.450904
0.32482175
1.2628616
-1.5442885
-1.035306
-10.179437
3.5867044
-1.4523808
25.971023
-13.960544
0.42859081
3.0667268
1.5758927
1.3060535
-3.1575915
-11.55304
0.8359642
3.0032135
-5.5700654
10.829408
9.8821532
-4.2898598
4.3190158
-4.158781
-1.0650002
-2.3792931
-0.60959996
-2.5418657
-10.250175
-4.3516085
16.447807
3.0910024
1.1825421
5.5658108
-2.1895115
4.3442534
-2.3868774
-6.0608193
9.1914381
-3.2025322
1.5072743
-1.0656668
-1.7809389
1.184675
-13.400582
-4.1170253
-0.080965395
-1.5498515
-4.739564
1.8951306
-0.18203487
10.557388
-1.8809167
-0.058766478
-3.493388
-2.7770531
0.70964555
-0.59425575
-12.840412
1.1866198
-0.42704443
3.7347358
0.58276364
-5.36584
0.57781804
-11.081258
-1.0002794
1.1625501
-1.3306638
-3.6747245
-1.7617622
-2.4513553
2.8372836
-2.4729352
0.2881423
1.9580412
4.5883472
6.3973993
8.0299072
1.8122588
-0.43578623
-1.0508897
2.2881604
8.6607712
-0.54560022
-4.3211578
2.0761211
-12.857276
1.3878353
1.4595387
7.6119928
-2.542329
0.94670619
4.7703591
2.6823043
-2.7083969
3.9323665
-0.89018679
1.6177308
-0.89051917
2.5032884
-1.5446796
-1.8002839
-0.61974092
-4.1966847
-4.278458
-0.9088276
1.355596
7.6391641
0.89892046
1.1604105
-1.0002794
-1.5158297
0.05587346
-1.0663333
-12.857276
5.1605376
0.43723652
1.062022
0.173273
-1.9210199
7.6144055
2.4981912
-4.066875
1.3706394
5.9203723
0.94130841
1.7145451
1.8208573
-3.9416401
3.6310276
4.9424717
0.21697522
-18.505625
-1.0653335
4.9754841
1.0113604
6.6812373
-0.99015174
-2.1300903
-0.67384523
-0.95199918
1.2429735
-9.4844489
0.15248849
0.010101918
-0.26097962
0.99695618
-5.5109122
7.5560271
-0.744135
-1.0002794
3.818094
4.2044527
-4.4568177
-15.087996
-1.0247508
-3.4218779
5.5917835
-5.0275975
4.1343022
13.148297
-24.128079
-3.5563474
11.60535
1.6933007
-15.463387
-9.1578027
2.8326572
7.8325574
-8.3194564
-0.05901787
-0.91146721
1.6432061
-1.5786356
2.0833703
-0.47904411
2.3740821
-1.0002794
-0.90450344
-0.212109
-1.066
-0.70383762
-4.0270972
-13.61148
-12.857276
5.0497595
2.6834707
-3.2370906
4.584802
3.3424903
-34.240932
-11.836948
7.4892904
-4.1069326
-2.6835115
2.7110925
10.637594
1.738014
-4.1976354
13.593885
-0.9385846
-0.65516814
-8.7782949
-0.45083658
-0.49336146
-2.6253457
3.8136694
-6.9251264
-0.58646477
-1.6082825
1.3608911
-24.460611
13.458254
1.381917
10.465089
6.8660617
-3.9766327
9.5542475
0.78251395
5.8027645
0.15508311
-2.1332028
8.7959781
4.6437723
3.7084439
-1.7020135
5.0023834
-3.6269039
2.601372
2.6182529
3.6968961
-1.8911436
0.9454909
2.7216655
-0.94859607
-2.9574191
-1.3570464
0.55565982
-1.3881483
-1.1746472
-1.0002794
-3.719547
1.7508464
-1.8506341
-4.0110323
-12.857276
-9.0455488
-4.6352749
-8.7533221
52.959947
9.8821532
-1.3958645
-1.5669116
-4.8886531
1.8648428
-8.4078855
-0.53802625
0.054988984
1.9558061
-5.1044995
1.4632025
8.0586701
-35.599528
-8.8256807
6.6530288
1.2635801
-1.4919693
0.25570392
-1
6.7617615
16.39461
-10.887689
2.4514308
-3.2490462
-8.4190849
5.7320594
3.5089603
4.1923957
2.8220918
4.4414552
-1.8538654
1.4256638
-7.5305811
1.0023651
9.6417991
-0.43952683
1.4403605
-2.0898496
-0.68057114
2.6878598
5.7438447
-6.8264808
-0.88640174
2.5069769
-6.457102
2.7270903
-1.2262418
-0.12790851
6.8396895
0.97401126
-2.0454619
-38.968888
-18.895722
2.1306332
1.3561453
2.052125
-0.32460906
-0.99621337
0.43179924
-3.9337318
1.4304133
6.5690275
0.54975456
1.3553898
4.1452025
4.9262942
0.1734934
-1.3283118
2.0835377
2.6021333
-0.32398669
5.3739562
-3.3556542
-5.257561
-2.4964369
-7.2949374
0.49249798
0.11770286
2.5818354
6.8252617
-4.7521365
9.715423
-5.5490882
-4.9517346
-0.8231751
-3.3845279
-4.4198164
1.8391793
4.9280722
1.3817586
-5.7824709
5.0554469
-2.2666215
0.074353536
-0.69857684
-3.5311846
-2.9234178
1.5604917
2.2592643
-38.968888
1.1631843
2.2831804
4.2715013
-1.2712342
3.7113706
9.9590262
1.0772074
0.71831422
-0.88820291
2.6321781
10.037528
0.79754994
-1.3448291
-12.857276
-4.6433348
-0.77478567
-1.2390745
2.0120517
-1.9808369
1.2132602
-1.7233636
1.2789181
-0.56779624
-9.1600995
-0.94671667
0.7469595
1.8979312
-0.2272357
-12.857276
0.3866994
-8.0922524
3.6624941
-4.5137804
4.2870532
-1.3212462
-5.8546805
5.8656827
-2.9950791
-3.4896472
-8.6247984
-1.5477092
0.12249817
-1.8166131
1.2973219
-4.1639655
-12.857276
1.6773503
-15.258254
5.6581455
-2.1555094
1.9994626
-1.9072628
4.5972618
-2.2619423
-1.9506485
-2.6618981
-3.5589182
-6.2536488
-1.0281114
1.0640424
0.34119484
1.0678717
7.2095758
-5.1653247
1.2930325
0.69475252
-3.6293548
2.4932965
0.31734287
2.3020845
-1.8204661
2.6678643
-3.6907044
-7.5096973
11.251617
1.0319836
-3.13646
3.9415602
2.9632309
4.3652129
-3.1252711
-1.2149044
-1.0002794
2.906823
1.5862087
-0.083745401
-0.67896764
1.1344875
-1.2114216
0.27128756
-1.9622461
0.77118579
-1.7005809
-13.013449
-3.6790577
-1.8569012
5.5645638
12.223531
9.8507893
-15.106011
-1.610023
-2.1849733
2.6525648
2.0524565
-2.8522163
9.0572267
-2.6935113
-32.939684
2.3830017
1.171262
5.5241185
1.5565126
4.123861
-4.2630689
-4.151697
-1.3279015
1.7193227
-3.0491221
-4.6946716
3.4341677
-3.2633992
1.1549513
-3.0286928
6.4273014
-5.8029751
-3.5824961
3.9504518
-12.857276
4.2370591
4.7941654
1.2973057
2.6478233
-15.255273
-1.4730305
1.5695842
0.97210963
-11.359615
-15.730082
-3.1076136
-5.7816203
-8.8476696
-0.43603464
-2.9405512
0.19788457
2.4262477
-0.06312064
-11.52743
0.36863279
2.3410149
-2.6096922
1.3629428
3.7556484
-19.807136
-0.5716528
-2.1121066
-1.7311743
0.96712079
-0.41866299
-6.015271
3.4291366
3.7760979
-1.1415185
4.2870532
4.0971039
15.867397
4.019807
-0.69547753
-0.99001023
-2.530206
-12.74175
-9.1391497
-2.2443904
20.70167
5.7438447
3.0382682
4.7422341
-2.7115354
2.4849636
2.5007749
-12.857276
-0.40258893
-2.5157006
0.013239678
1.7211847
2.3823691
-1.7451044
-0.70478526
2.1952038
2.8648179
2.4567027
-0.99579681
0.14236759
-0.21594882
-2.4674683
3.1635007
-1.5570631
5.4435273
0.15887308
5.5630624
4.085033
7.0173641
0.0065037625
-2.9559026
-12.857276
0.062435727
-25.141385
1.3908796
-15.749037
-1.066
-0.1405837
5.5484813
8.3349197
2.8321341
2.7191948
-1.499037
8.6100753
-1.9751536
-18.734371
-1.0500189
1.1078984
-4.8601755
3.941908
2.8832287
-4.6710924
1.334905
-1.8832161
0.0015344963
3.8190943
-4.7795559
0.54975456
11.462206
-1.5154775
-4.5912059
5.1997511
3.8909656
4.1483258
-1.0508897
-5.5731997
-0.083745401
-19.170142
-5.7949258
1.7025391
-1.6430567
1.5427765
-1.8093625
5.0480775
0.54967434
-3.4830624
3.3491011
8.3783448
-1.7861541
2.9505813
1.3553898
2.926143
3.4900052
-38.968888
0.65654538
1.968422
2.701746
-6.7428522
0.21133091
-1.5450348
-1.0002794
3.9162671
2.1129401
-0.16472225
2.9874202
-12.857276
-19.107101
9.7701882
9.7867734
-0.24029255
3.3449964
2.5003255
-11.242572
-0.77591036
-4.7207682
3.0213608
-5.5758995
-2.1790343
-0.25522599
-2.4388926
-0.78928543
4.1312154
-3.5639113
5.0782558
7.0641901
2.4099239
-0.99874797
3.6239223
-1.2222162
-18.415358
33.133547
-1.5707292
7.4732603
2.7501523
-0.28375391
1.270926
-4.6142685
1.3322455
3.2550086
1.1913231
-4.8112208
0.82657968
5.6453904
9.5911002
3.9497937
4.0290329
-1.5753157
-12.857276
0.32939894
4.2764381
1.027434
-3.3069224
0.0076089484
5.5330964
2.0136678
0.0028003263
2.8534068
-2.0992623
2.2327579
2.3968942
-1.0002794
-0.047975199
1.6632682
2.7858481
-2.2527076
1.3706394
3.2165791
-4.7530463
-1.4074193
5.8474272
-2.6600849
1.7466945
-3.5899468
2.0485037
-15.78905
0.1734934
-1.5426083
12.323108
-5.913784
-0.98698821
0.38419483
-1.727499
-9.4073105
-12.857276
-1.054621
1.517774
-0.83070475
-1.971784
-0.89390738
-1.6504643
7.5466591
-1.2811752
-1.0491195
6.6688064
-1.1459749
-4.8266555
3.6374124
-2.7833469
-1.0019578
10.954624
-0.78919582
-8.3473522
-8.5837842
-5.6682309
0.073592286
-1.5199269
7.1210862
2.9260555
-1.5834209
-12.857276
-2.4684948
-3.5465614
0.55728311
-2.7868897
0.84878745
-2.3054687
-1.376659
-4.9340526
-0.46567626
3.3960453
1.1057801
2.3036137
-3.4208194
4.7749663
4.2970392
6.0738479
6.8789913
-1.1100742
-0.2934022
-0.53542822
1.3941189
6.9892083
-2.4764267
5.5633648
1.6644768
-1.1143181
0.66435914
4.8882271
2.1954197
-1.103925
-1.1874534
-5.0196237
-1.0126898
5.1480952
1.0778725
1.2710555
4.7503747
-1.8879011
11.620521
-1.8015142
-2.4206652
2.5474458
2.1577743
3.4117995
-6.7062835
-1.3698509
-3.6532181
-3.0446215
-4.7602724
2.5336166
-13.305819
9.8821532
-4.5943754
-0.23015378
0.43723652
2.6040329
-9.4537925
5.8996531
-2.6192174
-4.8763687
-1.5774485
6.9721828
3.9427592
3.3790935
-0.80204268
2.1378084
1.3005391
1.4767535
-1.6001726
5.6389429
-0.40097149
2.4633896
4.3306203
-1.4231084
-1.0243073
8.4168371
-1.4200498
2.685476
-1.066
-24.297424
2.5763686
1.7164658
-0.41917429
-7.1950974
-1.1092471
5.7150926
-1.0187344
2.2720126
-1.4171561
0.58848073
5.0480775
5.5670449
6.2508947
-0.88494459
2.4830365
26.580781
-11.53324
-1.066
2.1216173
-0.98377489
1.1439931
-1.6541554
3.7408356
0.54369807
-13.614542
-2.8694766
1.5490219
2.6837273
1.8645024
-1.0872419
-3.0935605
-1.5974188
-0.33366959
4.3179941
-1.2752933
2.4260558
-1.0002794
1.1074166
-9.5164187
-8.2288687
-1.2755061
-0.63106759
7.3509331
2.3047605
2.3308246
-9.4841156
-1.0637068
-5.1866606
-1.9699572
-4.2276448
1.8391793
0.73410208
-0.63297986
0.61489908
-5.0283578
-0.91109792
-11.1495
-1.7245855
1.6534098
-2.0604863
-3.6108202
-0.74937604
1.3482091
9.6717157
-4.1820058
3.4237642
-2.297511
-1.0002794
-0.99947861
-6.1683447
-1.0004808
0.76559421
9.8825439
0.86677124
-2.5399831
-1.4901489
-14.911146
9.5642728
-0.63385064
3.4237642
-1.5322046
3.6394447
6.0281343
-0.99972864
-12.801497
2.3743895
1.5062676
1.8786613
12.424305
12.958523
-1.339848
4.9316714
10.013207
-12.857276
11.292693
6.5016919
4.4347825
-0.78286238
-4.5125472
-1.0260678
-5.138422
3.2155371
1.6707412
-11.258499
1.8344129
8.9517003
2.8560215
2.5067348
-21.320082
-1.4448622
1.7586919
14.540678
-3.8606798
6.3856283
4.1262469
1.5663443
-2.6320337
4.2845615
9.6616848
0.48765573
2.9679842
3.9982456
-0.17535688
-1.6039308
1.6411473
1.1501399
2.5146447
-0.56071026
0.1078283
-0.84478777
1.3412107
1.5488211
-0.15703371
0.11489708
-1.0653335
-1.3251986
-4.8171188
2.7473583
-2.499377
-3.0477947
1.0078913
-4.3469964
1.9492731
0.45334778
3.1888984
-3.2220438
-8.0508823
-14.521665
3.77095
-2.3032748
1.2258595
6.2369889
3.0340189
3.5789087
4.817978
-2.9688206
0.96060215
2.6950931
-4.4547924
0.95089595
-7.6779879
-2.4677188
2.228609
-18.094254
-14.344253
1.5500585
-1.3869786
1.936512
-0.70334293
-7.1841786
0.67838257
3.6193689
1.1688525
-0.17712332
3.7581686
1.7112329
-2.2591725
2.3014182
7.3918061
-0.1274971
-0.66541114
-6.3206935
6.349028
-1.3346757
-1
4.0188795
3.5809685
4.8202237
1.1859089
-12.857276
0.26963692
3.2979238
0.34233335
3.6057118
8.9480097
-1.3162146
-0.97872095
1.8620485
0.39194897
-12.857276
-3.9954384
5.6920009
6.2942179
-0.61417512
1.8924046
4.7605541
11.688443
2.413942
-1.6121104
-0.40541782
5.6434537
-9.7195157
1.4672013
-0.69410086
3.6475711
-1.0656668
-3.825825
-1.8556257
-1.1286132
1.3941189
2.3506985
-1.1189903
1.1322379
-1.0348251
-0.70437929
11.272405
6.0468281
-0.20295773
-2.7834819
1.9186201
0.45334778
1.0722425
-0.62478546
4.0394478
-1.1118697
-4.0482002
-15.749037
-0.54649457
-1.5136251
-5.7043295
-10.923377
-3.4266454
3.5318383
-12.857276
-1.035141
8.460371
-1.044368
2.3730369
-1.2722728
10.992327
-5.4762228
1.0957796
-7.2167811
3.1341832
1.3652334
4.249108
6.5960986
-3.0353358
-12.857276
0.75884394
-2.1155052
-3.1716086
-1.0030398
-4.5769923
2.6498727
2.9130828
-18.637144
0.50429833
-1.2931341
-9.0472832
3.5946196
-1.6712054
-1.8344323
2.2128492
-4.6093776
0.50139395
2.5957244
-4.2540585
-6.2934799
8.0160929
1.1709623
-4.2752454
-0.35768902
1.507419
-1.6826251
-0.57472626
-4.3576596
2.6301283
2.4711123
1.0309544
-1.801926
-0.9997112
-1.7121578
0.59558569
4.9535479
0.26793852
-14.48737
-0.12670146
-1.0656668
12.704609
-12.857276
2.3332242
-4.057546
